1 0.23681640625 0.6197916666666666 0.2998046875 0.36197916666666663
1 0.0537109375 0.5703125 0.10546875 0.09375
0 0.35986328125 0.5299479166666666 0.0146484375 0.0625
0 0.3779296875 0.5325520833333333 0.017578125 0.0625
0 0.4814453125 0.5358072916666666 0.01171875 0.045572916666666664
0 0.5029296875 0.5377604166666666 0.015625 0.05208333333333333
0 0.5390625 0.5364583333333333 0.017578125 0.057291666666666664
0 0.60205078125 0.5169270833333333 0.0107421875 0.015625
1 0.59814453125 0.548828125 0.0498046875 0.045572916666666664
1 0.671875 0.5358072916666666 0.03515625 0.04296875
1 0.7109375 0.53515625 0.046875 0.046875
3 0.90673828125 0.392578125 0.0224609375 0.06380208333333333
0 0.79931640625 0.533203125 0.0205078125 0.06380208333333333
0 0.8076171875 0.53125 0.015625 0.06510416666666666
3 0.515625 0.39322916666666663 0.017578125 0.057291666666666664
3 0.17236328125 0.40299479166666663 0.0263671875 0.06380208333333333
3 0.01611328125 0.3665364583333333 0.0283203125 0.08203125
