0 0.177734375 0.5813802083333333 0.08203125 0.24348958333333331
0 0.2900390625 0.5533854166666666 0.076171875 0.3255208333333333
0 0.3388671875 0.5774739583333333 0.041015625 0.22526041666666666
0 0.3974609375 0.57421875 0.0234375 0.11979166666666666
0 0.41943359375 0.5768229166666666 0.0244140625 0.11458333333333333
0 0.45068359375 0.5813802083333333 0.0244140625 0.09765625
0 0.47216796875 0.5768229166666666 0.0224609375 0.1015625
0 0.50244140625 0.5944010416666666 0.0146484375 0.061197916666666664
0 0.52197265625 0.595703125 0.0166015625 0.05598958333333333
0 0.5419921875 0.6022135416666666 0.015625 0.05078125
1 0.7646484375 0.6256510416666666 0.259765625 0.25651041666666663
1 0.953125 0.5579427083333333 0.09375 0.14453125
1 0.87255859375 0.5481770833333333 0.0712890625 0.08854166666666666
3 0.244140625 0.20638020833333331 0.087890625 0.20182291666666666
