0 0.02197265625 0.4583333333333333 0.0263671875 0.05989583333333333
0 0.37646484375 0.5013020833333333 0.0166015625 0.0390625
0 0.423828125 0.51171875 0.015625 0.0390625
0 0.4912109375 0.5188802083333333 0.015625 0.05078125
0 0.52490234375 0.5162760416666666 0.0087890625 0.045572916666666664
0 0.5478515625 0.5240885416666666 0.015625 0.037760416666666664
0 0.53564453125 0.5182291666666666 0.0068359375 0.03645833333333333
0 0.564453125 0.5240885416666666 0.01171875 0.04296875
0 0.59033203125 0.5286458333333333 0.0087890625 0.041666666666666664
0 0.607421875 0.5305989583333333 0.0078125 0.037760416666666664
0 0.6005859375 0.52734375 0.009765625 0.0390625
0 0.619140625 0.5286458333333333 0.015625 0.041666666666666664
0 0.63623046875 0.53125 0.0087890625 0.03645833333333333
0 0.65234375 0.5319010416666666 0.013671875 0.037760416666666664
0 0.669921875 0.537109375 0.013671875 0.03515625
0 0.68896484375 0.5403645833333333 0.0126953125 0.03645833333333333
0 0.70458984375 0.5358072916666666 0.0087890625 0.03515625
0 0.71728515625 0.5384114583333333 0.0107421875 0.03255208333333333
0 0.7373046875 0.5390625 0.015625 0.03645833333333333
0 0.7431640625 0.5390625 0.0078125 0.03125
0 0.7548828125 0.5403645833333333 0.009765625 0.0390625
0 0.7861328125 0.5481770833333333 0.01171875 0.033854166666666664
0 0.81201171875 0.5501302083333333 0.0107421875 0.037760416666666664
0 0.82275390625 0.5540364583333333 0.0068359375 0.029947916666666664
0 0.8515625 0.5553385416666666 0.009765625 0.037760416666666664
0 0.86328125 0.5553385416666666 0.009765625 0.03255208333333333
0 0.87744140625 0.5559895833333333 0.0048828125 0.03125
0 0.890625 0.556640625 0.009765625 0.03515625
0 0.9619140625 0.5572916666666666 0.009765625 0.03125
0 0.97607421875 0.5579427083333333 0.0087890625 0.03515625
0 0.98876953125 0.5579427083333333 0.0126953125 0.03515625
0 0.98681640625 0.5553385416666666 0.0126953125 0.03515625
0 0.5107421875 0.5169270833333333 0.01171875 0.049479166666666664
0 0.8330078125 0.5540364583333333 0.01171875 0.03515625
0 0.9306640625 0.55859375 0.009765625 0.0390625
0 0.9423828125 0.5592447916666666 0.0078125 0.03515625
0 0.95068359375 0.5592447916666666 0.0087890625 0.03255208333333333
0 0.9111328125 0.55859375 0.009765625 0.03645833333333333
