1 0.01025390625 0.90234375 0.0185546875 0.06770833333333333
1 0.0439453125 0.8958333333333333 0.048828125 0.0546875
1 0.51171875 0.8841145833333333 0.03125 0.028645833333333332
1 0.55224609375 0.88671875 0.0341796875 0.0390625
1 0.57421875 0.8802083333333333 0.017578125 0.03645833333333333
1 0.587890625 0.8815104166666666 0.017578125 0.028645833333333332
1 0.599609375 0.8776041666666666 0.017578125 0.0234375
1 0.60498046875 0.8893229166666666 0.0185546875 0.033854166666666664
1 0.62646484375 0.90625 0.0537109375 0.05208333333333333
1 0.6669921875 0.8932291666666666 0.033203125 0.033854166666666664
2 0.7470703125 0.8776041666666666 0.119140625 0.125
0 0.15771484375 0.9212239583333333 0.0283203125 0.13151041666666666
0 0.92529296875 0.896484375 0.0224609375 0.053385416666666664
1 0.28662109375 0.8893229166666666 0.0341796875 0.03125
1 0.33154296875 0.8860677083333333 0.0361328125 0.024739583333333332
1 0.14697265625 0.88671875 0.0380859375 0.03645833333333333
1 0.2333984375 0.884765625 0.056640625 0.045572916666666664
3 0.56640625 0.728515625 0.015625 0.04817708333333333
3 0.63916015625 0.732421875 0.0166015625 0.04817708333333333
2 0.32275390625 0.8723958333333333 0.0439453125 0.041666666666666664
0 0.18212890625 0.9231770833333333 0.0224609375 0.11979166666666666
1 0.0830078125 0.9010416666666666 0.07421875 0.06770833333333333
